94.6916
84.8344
87.0452
80.9144
78.6192
86.189 
79.4471
88.934 
78.2495
83.6571
94.015 
78.9156
86.9572
80.5123
78.5494
86.391 
93.131 
89.1095
82.2021
90.2221
80.3713
96.7389
87.2451
85.7473
92.5378
78.9152
94.3132
89.4671
86.8667
83.5075
91.0743
84.839 
86.3562
91.689 
88.6306
84.4426
102.628
80.5015
92.7302
93.3571
92.0423
97.3802
101.855
78.7279
79.0641
96.2813
78.8314
90.4055
79.4749
88.9003
88.7383
79.4766
100.505
89.6282
92.579 
88.745 
98.1701
94.6456
89.9223
88.0507
80.1303
84.7086
91.0107
84.5652
94.8533
84.711 
79.3188
92.0267
78.3551
84.4203
80.9253
84.5628
92.6731
90.3244
79.8621
79.6164
91.4864
86.9623
95.8376
82.4609
78.3784
99.7969
93.3428
91.1249
78.6185
86.8803
79.527 
93.3393
82.3345
78.8357
88.8064
78.8367
100.471
78.6296
84.7133
81.5546
86.6876
86.9605
94.7477
88.924
