15.7689
28.4448
20.2399
20.8336
26.9207
27.614 
23.0692
27.3978
20.917 
28.8512 
23.93   
26.0725 
27.8382 
29.8967 
25.5807 
19.2287 
22.8959 
26.422  
29.6751 
25.2586 
29.4995 
23.546  
27.1067 
17.7499 
25.4469 
26.0789 
22.4682 
19.2433 
27.2395 
29.2081 
26.4165 
28.7271 
18.9971 
20.044  
16.7582 
28.8465 
20.0666 
29.4911 
23.0817 
25.4423 
24.1914 
21.3806 
23.9398 
27.7244 
29.1656 
22.5599 
28.1873 
26.6373 
29.2324 
17.7498 
26.1252 
29.2281 
21.3538 
23.2918 
25.011  
22.2179 
21.1614 
14.7889 
26.1047 
26.9403 
28.7359 
28.4273 
24.5787 
29.13   
16.7655 
25.6198 
29.6678 
24.5226 
24.0294 
26.446  
20.2571 
28.843  
26.0952 
21.4595 
29.9459 
25.2752 
25.7861 
23.9529 
23.3071 
29.4895 
23.4927 
22.5611 
20.279  
19.2319 
26.9258 
22.8203 
24.2054 
24.8036 
29.4947 
25.0447 
18.2333 
25.0452 
21.4835 
27.1528 
28.3155 
29.8167 
28.0164 
27.7279 
26.6296 
24.2199   |
