6.11501
13.1742
10.9483
6.11434
8.95825
14.6439
6.18632
9.36836
6.18783
14.9066 
12.8428 
12.9298 
13.2617 
15.1362 
13.778  
8.3366  
12.734  
12.2847 
15.141  
11.7416 
11.931  
9.34577 
12.2821 
9.57128 
8.96146 
14.6995 
6.11339 
6.1329  
14.448  
14.7225 
12.4208 
12.3868 
9.59444 
6.17288 
6.17446 
15.6164 
9.65149 
14.4074 
8.37917 
8.94108 
11.7387 
11.2639 
12.874  
12.6334 
14.9039 
8.06884 
14.6957 
9.36185 
15.6597 
9.99642 
13.898  
15.3646 
8.32671 
10.6075 
12.9259 
9.63892 
11.0371 
6.11283 
14.6604 
14.6327 
14.6733 
13.4965 
13.7731 
14.2452 
6.19579 
12.8454 
13.9913 
8.93883 
11.0067 
8.91736 
6.17029 
12.5157 
14.5784 
6.12255 
15.1865 
11.7464 
9.34889 
10.9668 
8.95086 
14.7219 
10.3527 
11.2285 
6.24814 
6.23931 
13.9012 
10.3353 
8.41219 
10.823  
14.175  
12.7933 
6.11217 
12.8073 
10.5858 
14.5816 
12.2174 
15.5988 
9.33254 
12.2195 
13.3639 
14.7102
