6.08988
12.6066
12.7929
6.13047
8.81762
14.2492
6.17356
9.3949 
6.14674
14.6235 
12.5045 
13.0467 
13.3859 
13.1257 
11.3605 
10.2271 
12.7529 
13.2642 
13.2145 
11.6358 
12.0038 
9.38548 
13.3176 
9.8497  
10.5497 
14.3468 
6.23816 
6.11968 
13.3229 
14.9307 
13.3231 
12.006  
9.75659 
6.21585 
6.20369 
14.6209 
9.81722 
15.1026 
8.60198 
8.89829 
11.6994 
8.08014 
12.7653 
12.3535 
14.6519 
8.1289  
14.4634 
9.4288  
14.6967 
10.2192 
13.8473 
14.6083 
8.53446 
10.5253 
12.791  
9.82233 
11.2204 
6.14593 
14.3387 
14.3103 
13.9904 
13.3746 
11.2185 
12.0009 
6.11274 
12.7607 
13.8863 
8.8759  
10.5879 
8.8776  
6.15625 
12.5248 
12.7666 
6.13115 
13.1793 
11.6292 
9.38114 
11.2142 
8.82951 
14.7739 
8.18377 
11.2224 
6.23375 
6.12485 
13.7051 
8.07551 
8.55416 
9.35585 
13.9238 
12.4468 
6.10518 
12.4829 
10.5962 
14.385  
12.0583 
14.6677 
9.38433 
11.8553 
12.4222 
12.797    
