112.947
63.5522
65.1952
125.562
74.5906
65.9262
132.002
136.966
144.749
69.4972
65.1626
63.604 
68.4616
65.2007
108.162
130.592
68.3715
65.2437
92.3963
116.217
68.2851
74.5816
65.2437
74.6002
132.189
64.4378
157.507
112.944
65.2435
65.671 
65.2422
68.2855
74.5998
170.269
176.797
69.4992
130.596
65.6716
144.909
140.179
68.2157
74.5897
68.37  
63.5241
69.4993
144.899
65.9372
138.599
69.4977
135.413
65.2965
69.4993
68.1944
74.6031
100.397
140.142
68.1785
112.945
65.9278
65.9247
63.9664
95.6163
68.1798
111.49 
112.945
100.349
63.7116
74.5898
138.562
146.533
112.945
109.898
105.162
112.944
65.199 
117.827
140.202
68.1803
74.5904
65.6716
151.301
101.781
189.501
112.946
65.2972
74.591 
68.1945
74.5817
63.9473
65.1598
112.945
65.1607
74.601 
65.9379
113.091
64.3288
145.004
63.4634
63.5434
63.5608
