116.129
105.344
65.0583
119.343
74.6565
66.141 
132.015
145.009
144.772
66.6333
65.258 
105.296
105.405
67.2099
99.1465
122.516
65.2577
65.1771
68.7896
117.924
122.734
68.2589
65.1771
74.6541
74.6562
66.2797
151.217
112.989
64.2854
66.4451
114.819
63.5918
74.6537
163.927
170.401
67.02  
143.412
64.2824
152.931
146.58 
68.322 
132.273
68.4721
63.6153
66.6354
136.951
66.1414
68.2583
67.0184
143.413
65.5302
67.02  
74.6645
133.881
108.495
149.795
65.0588
112.989
66.1428
66.1395
64.0941
103.911
68.7771
65.569 
180.008
108.447
63.9454
149.792
127.483
151.404
186.412
113.212
66.2635
189.644
67.2082
119.535
146.623
63.487 
154.595
66.4457
137.061
65.0595
197.613
204.002
65.5309
68.2586
156.165
129.104
65.5698
65.2553
112.99 
65.2561
68.2773
66.2653
121.177
70.5864
68.259 
65.1624
63.8658
66.28
